f <- 261
R <- 18.161
V_sound <- 343000
L <- ((V_sound/f)-0.6*R)/4